Hours	Concentration	Sensor	Run	ID	Method
0	47.164	2	3	23	Sensor
12	265.69	2	2	22	Sensor
0	275.623	4	2	42	Sensor
0	424.618	2	2	22	Sensor
0	454.417	4	3	43	Sensor
0	603.412	2	1	21	Sensor
576	643.144	2	1	21	Sensor
48	682.876	2	3	23	Sensor
72	806.15574	1	2	12	GC
72	813.00969	4	2	42	GC
72	817.12206	2	2	22	GC
48	818.79747	1	2	12	GC
0	828.34223	2	2	22	GC
0	830.27149	4	2	42	GC
0	833.87616	1	2	12	GC
48	843.47169	2	2	22	GC
24	849.86871	4	2	42	GC
576	862.00274	4	2	42	GC
48	870.63364	4	2	42	GC
24	900.84179	1	2	12	GC
240	906.98496	1	1	11	GC
24	938.51313	2	1	21	GC
0	949.47945	2	3	23	GC
0	986.33847	4	3	43	GC
24	1015.27737	2	2	22	GC
0	1064.62581	2	1	21	GC
72	1090.129	2	3	23	Sensor
24	1100.062	2	3	23	Sensor
0	1132.55607	4	1	41	GC
12	1169.593	2	3	23	Sensor
48	1179.526	2	1	21	Sensor
24	1199.392	2	2	22	Sensor
408	1249.057	2	1	21	Sensor
0	1261.76572	1	1	11	GC
12	1265.42116	1	1	11	GC
408	1278.856	2	2	22	Sensor
576	1278.856	2	2	22	Sensor
240	1348.387	2	3	23	Sensor
576	1353.10095	4	1	41	GC
12	1404.02326	2	1	21	GC
72	1407.985	2	2	22	Sensor
48	1507.315	4	1	41	Sensor
48	1507.315	2	2	22	Sensor
48	1522.9266	2	3	23	GC
12	1525.05894	4	1	41	GC
576	1535.31448	2	1	21	GC
240	1576.846	2	2	22	Sensor
576	1725.841	4	1	41	Sensor
24	1785.439	2	1	21	Sensor
72	1852.27159	2	3	23	GC
12	1884.769	2	1	21	Sensor
24	1896.39072	2	3	23	GC
24	1938.58059	4	1	41	GC
408	1974.42421	4	2	42	GC
408	2049.20842	2	3	23	GC
240	2063.563	2	1	21	Sensor
48	2074.94881	1	1	11	GC
12	2108.86317	2	3	23	GC
0	2123.161	4	1	41	Sensor
48	2201.2138	2	1	21	GC
240	2222.13104	2	3	23	GC
12	2242.357	4	2	42	Sensor
12	2294.57983	2	2	22	GC
240	2299.65683	2	1	21	GC
24	2311.888	4	3	43	Sensor
12	2362.91625	1	2	12	GC
240	2431.30344	2	2	22	GC
408	2468.82247	2	1	21	GC
12	2480.749	4	3	43	Sensor
48	2526.44642	4	1	41	GC
24	2663.83004	4	3	43	GC
576	2675.76099	2	3	23	GC
240	2778.739	1	2	12	Sensor
12	2798.605	1	2	12	Sensor
12	2837.3619	4	3	43	GC
72	2880.623017	2	1	21	GC
72	3404.66588	1	1	11	GC
48	3444.25	4	3	43	Sensor
48	3526.66619	4	3	43	GC
0	3543.58	1	2	12	Sensor
72	3583.312	4	2	42	Sensor
12	3592.66719	4	2	42	GC
72	3781.972	4	3	43	Sensor
48	3821.704	4	2	42	Sensor
72	3842.76021	4	3	43	GC
240	3940.9	4	3	43	Sensor
72	4013.14433	4	1	41	GC
240	4146.56789	4	3	43	GC
240	4407.751	1	1	11	Sensor
576	4492.66698	1	1	11	GC
0	4507.081	1	1	11	Sensor
12	4765.339	4	1	41	Sensor
24	5372.20646	1	1	11	GC
240	5655.65537	1	2	12	GC
24	5748.706	1	2	12	Sensor
72	7049.929	1	2	12	Sensor
240	7249.37644	4	1	41	GC
48	7675.708	1	2	12	Sensor
48	8003.497	1	1	11	Sensor
72	8440.549	1	1	11	Sensor
240	8798.137	4	1	41	Sensor
408	9053.48839	1	1	11	GC
576	9294.2905	2	2	22	GC
576	9384.184	1	1	11	Sensor
408	9753.09899	4	3	43	GC
408	15036.47904	4	1	41	GC
408	17727.904	1	1	11	Sensor
240	18799.50067	4	2	42	GC
408	19128.457	4	2	42	Sensor
408	19170.42629	2	2	22	GC
240	20608.474	4	2	42	Sensor
576	20667.07512	4	3	43	GC
h					
