Hours	Concentration	Sensor	Run	ID	Method
0	3.85363089	2	3	23	Sensor
0	5.61903399	4	2	42	Sensor
0	6.051189941	2	2	22	Sensor
0	6.119015279	4	3	43	Sensor
0	6.402600214	2	1	21	Sensor
0	6.71942639	2	2	22	GC
0	6.721752744	4	2	42	GC
0	6.726084902	1	2	12	GC
0	6.855913887	2	3	23	GC
0	6.893999572	4	3	43	GC
0	6.970378664	2	1	21	GC
0	7.032232366	4	1	41	GC
0	7.140267384	1	1	11	GC
0	7.660661295	4	1	41	Sensor
0	8.172892795	1	2	12	Sensor
0	8.413404995	1	1	11	Sensor
12	5.582330216	2	2	22	Sensor
12	7.064411104	2	3	23	Sensor
12	7.143160279	1	1	11	GC
12	7.247097151	2	1	21	GC
12	7.329788337	4	1	41	GC
12	7.541560546	2	1	21	Sensor
12	7.653904299	2	3	23	GC
12	7.715282824	4	2	42	Sensor
12	7.738305025	2	2	22	GC
12	7.767651834	1	2	12	GC
12	7.81631581	4	3	43	Sensor
12	7.936876358	1	2	12	Sensor
12	7.950629991	4	3	43	GC
12	8.186650155	4	2	42	GC
12	8.469123957	4	1	41	Sensor
24	6.745081879	4	2	42	GC
24	6.803329648	1	2	12	GC
24	6.844296846	2	1	21	GC
24	6.922917125	2	2	22	GC
24	7.003121821	2	3	23	Sensor
24	7.089570041	2	2	22	Sensor
24	7.487419602	2	1	21	Sensor
24	7.547707738	2	3	23	GC
24	7.56971133	4	1	41	GC
24	7.745819786	4	3	43	Sensor
24	7.887520231	4	3	43	GC
24	8.58899399	1	1	11	GC
24	8.656730065	1	2	12	Sensor
48	6.526313291	2	3	23	Sensor
48	6.707836764	1	2	12	GC
48	6.737526339	2	2	22	GC
48	6.769221268	4	2	42	GC
48	7.072867942	2	1	21	Sensor
48	7.318085201	4	1	41	Sensor
48	7.318085201	2	2	22	Sensor
48	7.328389157	2	3	23	GC
48	7.637691762	1	1	11	GC
48	7.696764214	2	1	21	GC
48	7.834569017	4	1	41	GC
48	8.144461453	4	3	43	Sensor
48	8.168108282	4	3	43	GC
48	8.248451675	4	2	42	Sensor
48	8.945815816	1	2	12	Sensor
48	8.98763385	1	1	11	Sensor
72	6.69227695	1	2	12	GC
72	6.700743028	4	2	42	GC
72	6.705788484	2	2	22	GC
72	6.994051317	2	3	23	Sensor
72	7.249914883	2	2	22	Sensor
72	7.524168051	2	3	23	GC
72	7.965761875	2	1	21	GC
72	8.132902087	1	1	11	GC
72	8.184042791	4	2	42	Sensor
72	8.238000846	4	3	43	Sensor
72	8.253946192	4	3	43	GC
72	8.297330335	4	1	41	GC
72	8.860772825	1	2	12	Sensor
72	9.040802633	1	1	11	Sensor
240	6.810125868	1	1	11	GC
240	7.206664342	2	3	23	Sensor
240	7.363181928	2	2	22	Sensor
240	7.632189379	2	1	21	Sensor
240	7.706221942	2	3	23	GC
240	7.740515186	2	1	21	GC
240	7.796182788	2	2	22	GC
240	7.929752507	1	2	12	Sensor
240	8.279164403	4	3	43	Sensor
240	8.330036257	4	3	43	GC
240	8.391119861	1	1	11	Sensor
240	8.640411274	1	2	12	GC
240	8.888670736	4	1	41	GC
240	9.082295274	4	1	41	Sensor
240	9.841585588	4	2	42	GC
240	9.933457629	4	2	42	Sensor
408	7.130144146	2	1	21	Sensor
408	7.153721207	2	2	22	Sensor
408	7.588032096	4	2	42	GC
408	7.625208861	2	3	23	GC
408	7.811496583	2	1	21	GC
408	9.11090542	1	1	11	GC
408	9.185340359	4	3	43	GC
408	9.618234464	4	1	41	GC
408	9.782895174	1	1	11	Sensor
408	9.858932401	4	2	42	Sensor
408	9.861124073	2	2	22	GC
576	6.466368649	2	1	21	Sensor
576	6.759258449	4	2	42	GC
576	7.153721207	2	2	22	Sensor
576	7.210154237	4	1	41	GC
576	7.336490512	2	1	21	GC
576	7.453469747	4	1	41	Sensor
576	7.891989101	2	3	23	GC
576	8.410201787	1	1	11	GC
576	9.137155566	2	2	22	GC
576	9.146780998	1	1	11	Sensor
576	9.936297139	4	3	43	GC
