Hours	Respiration Ln Transform	Sensor	Run	ID	Method
48	-2.7631E+01	4	1	41	Sensor
24	-2.6077E+01	2	1	21	GC
240	-2.5827E+01	1	2	12	Sensor
240	-2.5660E+01	1	1	11	GC
576	-2.5582E+01	4	1	41	Sensor
240	-2.5568E+01	1	1	11	Sensor
72	-2.5565E+01	1	2	12	GC
48	-2.5560E+01	1	2	12	GC
72	-2.5554E+01	4	2	42	GC
72	-2.5547E+01	2	2	22	GC
576	-2.5530E+01	4	2	42	GC
576	-2.5518E+01	2	1	21	Sensor
12	-2.5510E+01	1	1	11	GC
48	-2.5509E+01	2	2	22	GC
576	-2.5504E+01	4	1	41	GC
24	-2.5471E+01	4	2	42	GC
576	-2.5471E+01	2	1	21	GC
48	-2.5469E+01	4	2	42	GC
576	-2.5436E+01	2	2	22	Sensor
408	-2.5365E+01	2	2	22	Sensor
408	-2.5340E+01	2	3	23	GC
24	-2.5334E+01	1	2	12	GC
408	-2.5333E+01	4	2	42	GC
576	-2.5330E+01	2	3	23	Sensor
576	-2.5320E+01	2	3	23	GC
408	-2.5298E+01	2	3	23	Sensor
408	-2.5297E+01	2	1	21	Sensor
408	-2.5292E+01	2	1	21	GC
240	-2.5246E+01	2	2	22	Sensor
240	-2.5191E+01	2	1	21	GC
240	-2.5190E+01	2	3	23	Sensor
240	-2.5182E+01	2	3	23	GC
576	-2.5165E+01	1	1	11	GC
240	-2.5108E+01	2	2	22	GC
240	-2.5061E+01	2	1	21	Sensor
24	-2.5051E+01	2	2	22	GC
576	-2.5018E+01	1	1	11	Sensor
72	-2.4866E+01	2	2	22	Sensor
48	-2.4865E+01	2	3	23	GC
48	-2.4864E+01	2	3	23	Sensor
72	-2.4842E+01	2	3	23	GC
240	-2.4817E+01	4	3	43	GC
72	-2.4799E+01	2	3	23	Sensor
240	-2.4765E+01	4	3	43	Sensor
576	-2.4759E+01	2	2	22	GC
48	-2.4680E+01	1	1	11	GC
408	-2.4609E+01	1	1	11	GC
240	-2.4578E+01	1	2	12	GC
48	-2.4574E+01	2	2	22	Sensor
48	-2.4552E+01	2	1	21	Sensor
408	-2.4537E+01	4	3	43	GC
408	-2.4511E+01	4	3	43	Sensor
240	-2.4482E+01	4	1	41	Sensor
48	-2.4474E+01	2	1	21	GC
72	-2.4432E+01	2	1	21	GC
240	-2.4425E+01	4	1	41	GC
24	-2.4357E+01	2	2	22	Sensor
12	-2.4355E+01	2	1	21	GC
48	-2.4336E+01	4	1	41	GC
72	-2.4319E+01	1	1	11	GC
408	-2.4258E+01	1	1	11	Sensor
12	-2.4252E+01	4	1	41	GC
24	-2.4232E+01	4	1	41	GC
408	-2.4222E+01	4	1	41	GC
576	-2.4220E+01	4	3	43	GC
408	-2.4120E+01	4	2	42	Sensor
24	-2.4113E+01	2	3	23	GC
72	-2.4110E+01	4	2	42	Sensor
72	-2.4109E+01	4	3	43	GC
72	-2.4102E+01	4	1	41	GC
24	-2.4078E+01	2	3	23	Sensor
408	-2.4012E+01	2	2	22	GC
72	-2.3988E+01	4	3	43	Sensor
72	-2.3951E+01	1	2	12	Sensor
48	-2.3882E+01	4	3	43	GC
72	-2.3856E+01	1	1	11	Sensor
48	-2.3738E+01	4	2	42	Sensor
12	-2.3658E+01	2	2	22	Sensor
24	-2.3652E+01	4	3	43	GC
240	-2.3630E+01	4	2	42	Sensor
48	-2.3617E+01	1	1	11	Sensor
240	-2.3593E+01	4	2	42	GC
48	-2.3579E+01	4	3	43	Sensor
24	-2.3494E+01	4	3	43	Sensor
24	-2.3473E+01	2	1	21	Sensor
48	-2.3472E+01	1	2	12	Sensor
12	-2.3450E+01	2	3	23	Sensor
24	-2.3419E+01	1	2	12	Sensor
12	-2.3371E+01	2	3	23	GC
12	-2.3365E+01	2	1	21	Sensor
12	-2.3161E+01	2	2	22	GC
12	-2.3123E+01	1	2	12	GC
12	-2.3033E+01	4	2	42	Sensor
12	-2.2947E+01	4	3	43	GC
12	-2.2858E+01	4	3	43	Sensor
24	-2.2850E+01	1	1	11	GC
12	-2.2773E+01	4	1	41	Sensor
12	-2.2572E+01	4	2	42	GC
