Timestep	Respiration	Sensor	Run	ID	Method
12	1.9756E-13	1	1	11	GC
12	1.8343E-11	2	1	21	GC
12	2.1213E-11	4	1	41	GC
12	6.3103E-11	2	1	21	Sensor
12	1.2058E-10	4	1	41	Sensor
24	1.1108E-10	1	1	11	GC
24	-3.4080E-12	2	1	21	GC
24	2.1781E-11	4	1	41	GC
24	5.5786E-11	2	1	21	Sensor
48	1.0987E-11	1	1	11	GC
48	1.5357E-11	2	1	21	GC
48	1.8834E-11	4	1	41	GC
48	-7.1394E-12	4	1	41	Sensor
48	1.3595E-11	2	1	21	Sensor
48	4.7256E-11	1	1	11	Sensor
72	1.9303E-11	1	1	11	GC
72	1.6358E-11	2	1	21	GC
72	2.5947E-11	4	1	41	GC
72	3.5442E-11	1	1	11	Sensor
240	-9.5873E-13	1	1	11	GC
240	3.3374E-12	2	1	21	GC
240	1.6530E-11	4	1	41	GC
240	-2.6850E-13	1	1	11	Sensor
240	4.9224E-12	2	1	21	Sensor
240	1.5163E-11	4	1	41	Sensor
408	1.2386E-11	1	1	11	GC
408	2.2321E-12	2	1	21	GC
408	2.2102E-11	4	1	41	GC
408	2.1765E-12	2	1	21	Sensor
408	2.1023E-11	1	1	11	Sensor
576	3.6379E-12	1	1	11	GC
576	5.2998E-13	2	1	21	GC
576	2.4833E-13	4	1	41	GC
576	-3.7775E-13	4	1	41	Sensor
576	1.3393E-13	2	1	21	Sensor
576	5.5043E-12	1	1	11	Sensor
12	8.2639E-11	1	2	12	GC
12	7.9245E-11	2	2	22	GC
12	1.4930E-10	4	2	42	GC
12	4.5003E-11	2	2	22	Sensor
12	9.1112E-11	4	2	42	Sensor
24	1.8096E-12	1	2	12	GC
24	5.0516E-12	2	2	22	GC
24	5.2958E-13	4	2	42	GC
24	1.8282E-11	2	2	22	Sensor
24	5.9338E-11	1	2	12	Sensor
48	-2.0374E-13	1	2	12	GC
48	2.0442E-13	2	2	22	GC
48	5.4535E-13	4	2	42	GC
48	1.3126E-11	2	2	22	Sensor
48	4.0910E-11	4	2	42	Sensor
48	5.5848E-11	1	2	12	Sensor
72	-2.4970E-13	1	2	12	GC
72	-1.0107E-13	2	2	22	GC
72	-1.5549E-13	4	2	42	GC
72	7.7349E-12	2	2	22	Sensor
72	2.5687E-11	4	2	42	Sensor
72	3.1504E-11	1	2	12	Sensor
240	1.3030E-11	1	2	12	GC
240	4.3317E-12	2	2	22	GC
240	4.8558E-11	4	2	42	GC
240	-2.0674E-12	1	2	12	Sensor
240	2.7189E-12	2	2	22	Sensor
240	4.6489E-11	4	2	42	Sensor
408	2.9156E-11	2	2	22	GC
408	1.8187E-12	4	2	42	GC
408	1.5029E-12	2	2	22	Sensor
408	2.5333E-11	4	2	42	Sensor
576	9.5323E-12	2	2	22	GC
576	3.5728E-14	4	2	42	GC
576	8.3989E-13	2	2	22	Sensor
12	6.2660E-11	2	3	23	GC
12	1.0004E-10	4	3	43	GC
12	5.7299E-11	2	3	23	Sensor
12	1.1008E-10	4	3	43	Sensor
24	2.5588E-11	2	3	23	GC
24	4.5331E-11	4	3	43	GC
24	2.6775E-11	2	3	23	Sensor
24	5.4503E-11	4	3	43	Sensor
48	7.7482E-12	2	3	23	GC
48	3.4324E-11	4	3	43	GC
48	7.7650E-12	2	3	23	Sensor
48	4.9402E-11	4	3	43	Sensor
72	8.1321E-12	2	3	23	GC
72	2.5730E-11	4	3	43	GC
72	8.8359E-12	2	3	23	Sensor
72	3.0071E-11	4	3	43	Sensor
240	3.4391E-12	2	3	23	GC
240	8.5399E-12	4	3	43	GC
240	3.3469E-12	2	3	23	Sensor
240	9.4240E-12	4	3	43	Sensor
408	1.7481E-12	2	3	23	GC
408	1.3936E-11	4	3	43	GC
408	2.1735E-12	2	3	23	Sensor
408	1.4499E-11	4	3	43	Sensor
576	1.9437E-12	2	3	23	GC
576	2.2160E-11	4	3	43	GC
576	1.8408E-12	2	3	23	Sensor
